classification:
    cancer:     0.6010688684075781          0.6565258576548899      1
    cars:       0.23502170767004343         0.34341534008683067     7
    house:      0.9005747126436783          0.6408045977011494      1     


regression:

    abalone:    4.99710906952736            10.331901007112208      (9, 0.1, 0.1)
    fires:      2.2125547595468746          2.0042958254693266      (9, 0.001, 1)
    machine:    6259.169572382569           22364.98589594218       (5, 0.05, 0.1)